(kicad_pcb (version 20171130) (host pcbnew "(5.1.0)-1")

  (general
    (thickness 1.6)
    (drawings 4)
    (tracks 161)
    (zones 0)
    (modules 20)
    (nets 18)
  )

  (page A4)
  (title_block
    (title "ECE 362")
    (date 2019-04-14)
    (rev 1)
    (company "Team Pong")
  )

  (layers
    (0 F.Cu signal)
    (31 B.Cu signal)
    (32 B.Adhes user)
    (33 F.Adhes user)
    (34 B.Paste user)
    (35 F.Paste user)
    (36 B.SilkS user)
    (37 F.SilkS user)
    (38 B.Mask user)
    (39 F.Mask user)
    (40 Dwgs.User user)
    (41 Cmts.User user)
    (42 Eco1.User user)
    (43 Eco2.User user)
    (44 Edge.Cuts user)
    (45 Margin user)
    (46 B.CrtYd user)
    (47 F.CrtYd user)
    (48 B.Fab user)
    (49 F.Fab user)
  )

  (setup
    (last_trace_width 0.25)
    (trace_clearance 0.2)
    (zone_clearance 0.508)
    (zone_45_only no)
    (trace_min 0.2)
    (via_size 0.8)
    (via_drill 0.4)
    (via_min_size 0.4)
    (via_min_drill 0.3)
    (uvia_size 0.3)
    (uvia_drill 0.1)
    (uvias_allowed no)
    (uvia_min_size 0.2)
    (uvia_min_drill 0.1)
    (edge_width 0.05)
    (segment_width 0.2)
    (pcb_text_width 0.3)
    (pcb_text_size 1.5 1.5)
    (mod_edge_width 0.12)
    (mod_text_size 1 1)
    (mod_text_width 0.15)
    (pad_size 1.524 1.524)
    (pad_drill 0.762)
    (pad_to_mask_clearance 0.051)
    (solder_mask_min_width 0.25)
    (aux_axis_origin 0 0)
    (visible_elements 7FFFFFFF)
    (pcbplotparams
      (layerselection 0x010f0_ffffffff)
      (usegerberextensions true)
      (usegerberattributes false)
      (usegerberadvancedattributes false)
      (creategerberjobfile false)
      (excludeedgelayer true)
      (linewidth 0.100000)
      (plotframeref false)
      (viasonmask false)
      (mode 1)
      (useauxorigin false)
      (hpglpennumber 1)
      (hpglpenspeed 20)
      (hpglpendiameter 15.000000)
      (psnegative false)
      (psa4output false)
      (plotreference true)
      (plotvalue true)
      (plotinvisibletext false)
      (padsonsilk false)
      (subtractmaskfromsilk false)
      (outputformat 1)
      (mirror false)
      (drillshape 0)
      (scaleselection 1)
      (outputdirectory "../../Gen3/"))
  )

  (net 0 "")
  (net 1 GND)
  (net 2 PB12)
  (net 3 PB13)
  (net 4 PB14)
  (net 5 PB15)
  (net 6 +3V3)
  (net 7 PA1)
  (net 8 PA0)
  (net 9 "Net-(C3-Pad2)")
  (net 10 "Net-(C1-Pad2)")
  (net 11 "Net-(C4-Pad2)")
  (net 12 "Net-(C2-Pad2)")
  (net 13 "Net-(R1-Pad2)")
  (net 14 "Net-(R3-Pad2)")
  (net 15 "Net-(R5-Pad2)")
  (net 16 "Net-(R6-Pad2)")
  (net 17 PC2)

  (net_class Default "This is the default net class."
    (clearance 0.2)
    (trace_width 0.25)
    (via_dia 0.8)
    (via_drill 0.4)
    (uvia_dia 0.3)
    (uvia_drill 0.1)
    (add_net +3V3)
    (add_net GND)
    (add_net "Net-(C1-Pad2)")
    (add_net "Net-(C2-Pad2)")
    (add_net "Net-(C3-Pad2)")
    (add_net "Net-(C4-Pad2)")
    (add_net "Net-(R1-Pad2)")
    (add_net "Net-(R3-Pad2)")
    (add_net "Net-(R5-Pad2)")
    (add_net "Net-(R6-Pad2)")
    (add_net PA0)
    (add_net PA1)
    (add_net PB12)
    (add_net PB13)
    (add_net PB14)
    (add_net PB15)
    (add_net PC2)
  )

  (module 362ftpt:STM32conn (layer F.Cu) (tedit 5CB6A009) (tstamp 5CB74C4F)
    (at 67.31 91.44)
    (path /5CB4E5D4)
    (fp_text reference J2 (at 0 0.5) (layer F.SilkS)
      (effects (font (size 1 1) (thickness 0.15)))
    )
    (fp_text value STM32Right (at 0 -0.5) (layer F.Fab)
      (effects (font (size 1 1) (thickness 0.15)))
    )
    (fp_line (start -1.27 -57.15) (end 1.27 -57.15) (layer F.SilkS) (width 0.12))
    (fp_line (start 1.27 -57.15) (end 1.27 24.13) (layer F.SilkS) (width 0.12))
    (fp_line (start 1.27 24.13) (end -1.27 24.13) (layer F.SilkS) (width 0.12))
    (fp_line (start -1.27 24.13) (end -1.27 -57.15) (layer F.SilkS) (width 0.12))
    (pad 1 thru_hole circle (at 0 -55.88) (size 1.524 1.524) (drill 0.762) (layers *.Cu *.Mask))
    (pad 2 thru_hole circle (at 0 -53.34) (size 1.524 1.524) (drill 0.762) (layers *.Cu *.Mask))
    (pad 3 thru_hole circle (at 0 -50.8) (size 1.524 1.524) (drill 0.762) (layers *.Cu *.Mask))
    (pad 5 thru_hole circle (at 0 -45.72) (size 1.524 1.524) (drill 0.762) (layers *.Cu *.Mask))
    (pad 4 thru_hole circle (at 0 -48.26) (size 1.524 1.524) (drill 0.762) (layers *.Cu *.Mask))
    (pad 6 thru_hole circle (at 0 -43.18) (size 1.524 1.524) (drill 0.762) (layers *.Cu *.Mask))
    (pad 7 thru_hole circle (at 0 -40.64) (size 1.524 1.524) (drill 0.762) (layers *.Cu *.Mask))
    (pad 8 thru_hole circle (at 0 -38.1) (size 1.524 1.524) (drill 0.762) (layers *.Cu *.Mask))
    (pad 9 thru_hole circle (at 0 -35.56) (size 1.524 1.524) (drill 0.762) (layers *.Cu *.Mask))
    (pad 10 thru_hole circle (at 0 -33.02) (size 1.524 1.524) (drill 0.762) (layers *.Cu *.Mask))
    (pad 11 thru_hole circle (at 0 -30.48) (size 1.524 1.524) (drill 0.762) (layers *.Cu *.Mask))
    (pad 12 thru_hole circle (at 0 -27.94) (size 1.524 1.524) (drill 0.762) (layers *.Cu *.Mask))
    (pad 13 thru_hole circle (at 0 -25.4) (size 1.524 1.524) (drill 0.762) (layers *.Cu *.Mask))
    (pad 14 thru_hole circle (at 0 -22.86) (size 1.524 1.524) (drill 0.762) (layers *.Cu *.Mask))
    (pad 15 thru_hole circle (at 0 -20.32) (size 1.524 1.524) (drill 0.762) (layers *.Cu *.Mask))
    (pad 16 thru_hole circle (at 0 -17.78) (size 1.524 1.524) (drill 0.762) (layers *.Cu *.Mask))
    (pad 17 thru_hole circle (at 0 -15.24) (size 1.524 1.524) (drill 0.762) (layers *.Cu *.Mask))
    (pad 18 thru_hole circle (at 0 -12.7) (size 1.524 1.524) (drill 0.762) (layers *.Cu *.Mask))
    (pad 19 thru_hole circle (at 0 -10.16) (size 1.524 1.524) (drill 0.762) (layers *.Cu *.Mask))
    (pad 20 thru_hole circle (at 0 -7.62) (size 1.524 1.524) (drill 0.762) (layers *.Cu *.Mask))
    (pad 21 thru_hole circle (at 0 -5.08) (size 1.524 1.524) (drill 0.762) (layers *.Cu *.Mask))
    (pad 22 thru_hole circle (at 0 -2.54) (size 1.524 1.524) (drill 0.762) (layers *.Cu *.Mask))
    (pad 23 thru_hole circle (at 0 0) (size 1.524 1.524) (drill 0.762) (layers *.Cu *.Mask))
    (pad 24 thru_hole circle (at 0 2.54) (size 1.524 1.524) (drill 0.762) (layers *.Cu *.Mask))
    (pad 25 thru_hole circle (at 0 5.08) (size 1.524 1.524) (drill 0.762) (layers *.Cu *.Mask))
    (pad 26 thru_hole circle (at 0 7.62) (size 1.524 1.524) (drill 0.762) (layers *.Cu *.Mask))
    (pad 27 thru_hole circle (at 0 10.16) (size 1.524 1.524) (drill 0.762) (layers *.Cu *.Mask))
    (pad 28 thru_hole circle (at 0 12.7) (size 1.524 1.524) (drill 0.762) (layers *.Cu *.Mask))
    (pad 29 thru_hole circle (at 0 15.24) (size 1.524 1.524) (drill 0.762) (layers *.Cu *.Mask)
      (net 5 PB15))
    (pad 30 thru_hole circle (at 0 17.78) (size 1.524 1.524) (drill 0.762) (layers *.Cu *.Mask)
      (net 4 PB14))
    (pad 31 thru_hole circle (at 0 20.32) (size 1.524 1.524) (drill 0.762) (layers *.Cu *.Mask)
      (net 3 PB13))
    (pad 32 thru_hole circle (at 0 22.86) (size 1.524 1.524) (drill 0.762) (layers *.Cu *.Mask)
      (net 1 GND))
  )

  (module Capacitor_SMD:C_1210_3225Metric_Pad1.42x2.65mm_HandSolder (layer F.Cu) (tedit 5B301BBE) (tstamp 5CB74BCC)
    (at 16.51 42.9625 270)
    (descr "Capacitor SMD 1210 (3225 Metric), square (rectangular) end terminal, IPC_7351 nominal with elongated pad for handsoldering. (Body size source: http://www.tortai-tech.com/upload/download/2011102023233369053.pdf), generated with kicad-footprint-generator")
    (tags "capacitor handsolder")
    (path /5CB7FC38)
    (attr smd)
    (fp_text reference C1 (at 0 -2.28 270) (layer F.SilkS)
      (effects (font (size 1 1) (thickness 0.15)))
    )
    (fp_text value C (at 0 2.28 270) (layer F.Fab)
      (effects (font (size 1 1) (thickness 0.15)))
    )
    (fp_text user %R (at 0 0 270) (layer F.Fab)
      (effects (font (size 0.8 0.8) (thickness 0.12)))
    )
    (fp_line (start 2.45 1.58) (end -2.45 1.58) (layer F.CrtYd) (width 0.05))
    (fp_line (start 2.45 -1.58) (end 2.45 1.58) (layer F.CrtYd) (width 0.05))
    (fp_line (start -2.45 -1.58) (end 2.45 -1.58) (layer F.CrtYd) (width 0.05))
    (fp_line (start -2.45 1.58) (end -2.45 -1.58) (layer F.CrtYd) (width 0.05))
    (fp_line (start -0.602064 1.36) (end 0.602064 1.36) (layer F.SilkS) (width 0.12))
    (fp_line (start -0.602064 -1.36) (end 0.602064 -1.36) (layer F.SilkS) (width 0.12))
    (fp_line (start 1.6 1.25) (end -1.6 1.25) (layer F.Fab) (width 0.1))
    (fp_line (start 1.6 -1.25) (end 1.6 1.25) (layer F.Fab) (width 0.1))
    (fp_line (start -1.6 -1.25) (end 1.6 -1.25) (layer F.Fab) (width 0.1))
    (fp_line (start -1.6 1.25) (end -1.6 -1.25) (layer F.Fab) (width 0.1))
    (pad 2 smd roundrect (at 1.4875 0 270) (size 1.425 2.65) (layers F.Cu F.Paste F.Mask) (roundrect_rratio 0.175439)
      (net 10 "Net-(C1-Pad2)"))
    (pad 1 smd roundrect (at -1.4875 0 270) (size 1.425 2.65) (layers F.Cu F.Paste F.Mask) (roundrect_rratio 0.175439)
      (net 1 GND))
    (model ${KISYS3DMOD}/Capacitor_SMD.3dshapes/C_1210_3225Metric.wrl
      (at (xyz 0 0 0))
      (scale (xyz 1 1 1))
      (rotate (xyz 0 0 0))
    )
  )

  (module Capacitor_SMD:C_1210_3225Metric_Pad1.42x2.65mm_HandSolder (layer F.Cu) (tedit 5B301BBE) (tstamp 5CB74BDD)
    (at 44.45 43.18 180)
    (descr "Capacitor SMD 1210 (3225 Metric), square (rectangular) end terminal, IPC_7351 nominal with elongated pad for handsoldering. (Body size source: http://www.tortai-tech.com/upload/download/2011102023233369053.pdf), generated with kicad-footprint-generator")
    (tags "capacitor handsolder")
    (path /5CB6B31B)
    (attr smd)
    (fp_text reference C2 (at 0 -2.28 180) (layer F.SilkS)
      (effects (font (size 1 1) (thickness 0.15)))
    )
    (fp_text value C (at 0 2.28 180) (layer F.Fab)
      (effects (font (size 1 1) (thickness 0.15)))
    )
    (fp_line (start -1.6 1.25) (end -1.6 -1.25) (layer F.Fab) (width 0.1))
    (fp_line (start -1.6 -1.25) (end 1.6 -1.25) (layer F.Fab) (width 0.1))
    (fp_line (start 1.6 -1.25) (end 1.6 1.25) (layer F.Fab) (width 0.1))
    (fp_line (start 1.6 1.25) (end -1.6 1.25) (layer F.Fab) (width 0.1))
    (fp_line (start -0.602064 -1.36) (end 0.602064 -1.36) (layer F.SilkS) (width 0.12))
    (fp_line (start -0.602064 1.36) (end 0.602064 1.36) (layer F.SilkS) (width 0.12))
    (fp_line (start -2.45 1.58) (end -2.45 -1.58) (layer F.CrtYd) (width 0.05))
    (fp_line (start -2.45 -1.58) (end 2.45 -1.58) (layer F.CrtYd) (width 0.05))
    (fp_line (start 2.45 -1.58) (end 2.45 1.58) (layer F.CrtYd) (width 0.05))
    (fp_line (start 2.45 1.58) (end -2.45 1.58) (layer F.CrtYd) (width 0.05))
    (fp_text user %R (at 0 0 180) (layer F.Fab)
      (effects (font (size 0.8 0.8) (thickness 0.12)))
    )
    (pad 1 smd roundrect (at -1.4875 0 180) (size 1.425 2.65) (layers F.Cu F.Paste F.Mask) (roundrect_rratio 0.175439)
      (net 1 GND))
    (pad 2 smd roundrect (at 1.4875 0 180) (size 1.425 2.65) (layers F.Cu F.Paste F.Mask) (roundrect_rratio 0.175439)
      (net 12 "Net-(C2-Pad2)"))
    (model ${KISYS3DMOD}/Capacitor_SMD.3dshapes/C_1210_3225Metric.wrl
      (at (xyz 0 0 0))
      (scale (xyz 1 1 1))
      (rotate (xyz 0 0 0))
    )
  )

  (module Capacitor_SMD:C_1210_3225Metric_Pad1.42x2.65mm_HandSolder (layer F.Cu) (tedit 5B301BBE) (tstamp 5CB74BEE)
    (at 17.78 80.01)
    (descr "Capacitor SMD 1210 (3225 Metric), square (rectangular) end terminal, IPC_7351 nominal with elongated pad for handsoldering. (Body size source: http://www.tortai-tech.com/upload/download/2011102023233369053.pdf), generated with kicad-footprint-generator")
    (tags "capacitor handsolder")
    (path /5CB84E52)
    (attr smd)
    (fp_text reference C3 (at 0 -2.28) (layer F.SilkS)
      (effects (font (size 1 1) (thickness 0.15)))
    )
    (fp_text value C (at 0 2.28) (layer F.Fab)
      (effects (font (size 1 1) (thickness 0.15)))
    )
    (fp_text user %R (at 0 0) (layer F.Fab)
      (effects (font (size 0.8 0.8) (thickness 0.12)))
    )
    (fp_line (start 2.45 1.58) (end -2.45 1.58) (layer F.CrtYd) (width 0.05))
    (fp_line (start 2.45 -1.58) (end 2.45 1.58) (layer F.CrtYd) (width 0.05))
    (fp_line (start -2.45 -1.58) (end 2.45 -1.58) (layer F.CrtYd) (width 0.05))
    (fp_line (start -2.45 1.58) (end -2.45 -1.58) (layer F.CrtYd) (width 0.05))
    (fp_line (start -0.602064 1.36) (end 0.602064 1.36) (layer F.SilkS) (width 0.12))
    (fp_line (start -0.602064 -1.36) (end 0.602064 -1.36) (layer F.SilkS) (width 0.12))
    (fp_line (start 1.6 1.25) (end -1.6 1.25) (layer F.Fab) (width 0.1))
    (fp_line (start 1.6 -1.25) (end 1.6 1.25) (layer F.Fab) (width 0.1))
    (fp_line (start -1.6 -1.25) (end 1.6 -1.25) (layer F.Fab) (width 0.1))
    (fp_line (start -1.6 1.25) (end -1.6 -1.25) (layer F.Fab) (width 0.1))
    (pad 2 smd roundrect (at 1.4875 0) (size 1.425 2.65) (layers F.Cu F.Paste F.Mask) (roundrect_rratio 0.175439)
      (net 9 "Net-(C3-Pad2)"))
    (pad 1 smd roundrect (at -1.4875 0) (size 1.425 2.65) (layers F.Cu F.Paste F.Mask) (roundrect_rratio 0.175439)
      (net 1 GND))
    (model ${KISYS3DMOD}/Capacitor_SMD.3dshapes/C_1210_3225Metric.wrl
      (at (xyz 0 0 0))
      (scale (xyz 1 1 1))
      (rotate (xyz 0 0 0))
    )
  )

  (module Capacitor_SMD:C_1210_3225Metric_Pad1.42x2.65mm_HandSolder (layer F.Cu) (tedit 5B301BBE) (tstamp 5CB74BFF)
    (at 37.8825 101.6)
    (descr "Capacitor SMD 1210 (3225 Metric), square (rectangular) end terminal, IPC_7351 nominal with elongated pad for handsoldering. (Body size source: http://www.tortai-tech.com/upload/download/2011102023233369053.pdf), generated with kicad-footprint-generator")
    (tags "capacitor handsolder")
    (path /5CB82FC2)
    (attr smd)
    (fp_text reference C4 (at 0 -2.28) (layer F.SilkS)
      (effects (font (size 1 1) (thickness 0.15)))
    )
    (fp_text value C (at 0 2.28) (layer F.Fab)
      (effects (font (size 1 1) (thickness 0.15)))
    )
    (fp_line (start -1.6 1.25) (end -1.6 -1.25) (layer F.Fab) (width 0.1))
    (fp_line (start -1.6 -1.25) (end 1.6 -1.25) (layer F.Fab) (width 0.1))
    (fp_line (start 1.6 -1.25) (end 1.6 1.25) (layer F.Fab) (width 0.1))
    (fp_line (start 1.6 1.25) (end -1.6 1.25) (layer F.Fab) (width 0.1))
    (fp_line (start -0.602064 -1.36) (end 0.602064 -1.36) (layer F.SilkS) (width 0.12))
    (fp_line (start -0.602064 1.36) (end 0.602064 1.36) (layer F.SilkS) (width 0.12))
    (fp_line (start -2.45 1.58) (end -2.45 -1.58) (layer F.CrtYd) (width 0.05))
    (fp_line (start -2.45 -1.58) (end 2.45 -1.58) (layer F.CrtYd) (width 0.05))
    (fp_line (start 2.45 -1.58) (end 2.45 1.58) (layer F.CrtYd) (width 0.05))
    (fp_line (start 2.45 1.58) (end -2.45 1.58) (layer F.CrtYd) (width 0.05))
    (fp_text user %R (at 0 0) (layer F.Fab)
      (effects (font (size 0.8 0.8) (thickness 0.12)))
    )
    (pad 1 smd roundrect (at -1.4875 0) (size 1.425 2.65) (layers F.Cu F.Paste F.Mask) (roundrect_rratio 0.175439)
      (net 1 GND))
    (pad 2 smd roundrect (at 1.4875 0) (size 1.425 2.65) (layers F.Cu F.Paste F.Mask) (roundrect_rratio 0.175439)
      (net 11 "Net-(C4-Pad2)"))
    (model ${KISYS3DMOD}/Capacitor_SMD.3dshapes/C_1210_3225Metric.wrl
      (at (xyz 0 0 0))
      (scale (xyz 1 1 1))
      (rotate (xyz 0 0 0))
    )
  )

  (module 362ftpt:STM32conn (layer F.Cu) (tedit 5CB6A009) (tstamp 5CB74C27)
    (at 59.69 91.44)
    (path /5CB4CA8C)
    (fp_text reference J1 (at 0 0.5) (layer F.SilkS)
      (effects (font (size 1 1) (thickness 0.15)))
    )
    (fp_text value STM32Left (at 0 -0.5) (layer F.Fab)
      (effects (font (size 1 1) (thickness 0.15)))
    )
    (fp_line (start -1.27 24.13) (end -1.27 -57.15) (layer F.SilkS) (width 0.12))
    (fp_line (start 1.27 24.13) (end -1.27 24.13) (layer F.SilkS) (width 0.12))
    (fp_line (start 1.27 -57.15) (end 1.27 24.13) (layer F.SilkS) (width 0.12))
    (fp_line (start -1.27 -57.15) (end 1.27 -57.15) (layer F.SilkS) (width 0.12))
    (pad 32 thru_hole circle (at 0 22.86) (size 1.524 1.524) (drill 0.762) (layers *.Cu *.Mask))
    (pad 31 thru_hole circle (at 0 20.32) (size 1.524 1.524) (drill 0.762) (layers *.Cu *.Mask)
      (net 2 PB12))
    (pad 30 thru_hole circle (at 0 17.78) (size 1.524 1.524) (drill 0.762) (layers *.Cu *.Mask))
    (pad 29 thru_hole circle (at 0 15.24) (size 1.524 1.524) (drill 0.762) (layers *.Cu *.Mask))
    (pad 28 thru_hole circle (at 0 12.7) (size 1.524 1.524) (drill 0.762) (layers *.Cu *.Mask))
    (pad 27 thru_hole circle (at 0 10.16) (size 1.524 1.524) (drill 0.762) (layers *.Cu *.Mask))
    (pad 26 thru_hole circle (at 0 7.62) (size 1.524 1.524) (drill 0.762) (layers *.Cu *.Mask))
    (pad 25 thru_hole circle (at 0 5.08) (size 1.524 1.524) (drill 0.762) (layers *.Cu *.Mask))
    (pad 24 thru_hole circle (at 0 2.54) (size 1.524 1.524) (drill 0.762) (layers *.Cu *.Mask))
    (pad 23 thru_hole circle (at 0 0) (size 1.524 1.524) (drill 0.762) (layers *.Cu *.Mask))
    (pad 22 thru_hole circle (at 0 -2.54) (size 1.524 1.524) (drill 0.762) (layers *.Cu *.Mask))
    (pad 21 thru_hole circle (at 0 -5.08) (size 1.524 1.524) (drill 0.762) (layers *.Cu *.Mask))
    (pad 20 thru_hole circle (at 0 -7.62) (size 1.524 1.524) (drill 0.762) (layers *.Cu *.Mask))
    (pad 19 thru_hole circle (at 0 -10.16) (size 1.524 1.524) (drill 0.762) (layers *.Cu *.Mask))
    (pad 18 thru_hole circle (at 0 -12.7) (size 1.524 1.524) (drill 0.762) (layers *.Cu *.Mask))
    (pad 17 thru_hole circle (at 0 -15.24) (size 1.524 1.524) (drill 0.762) (layers *.Cu *.Mask))
    (pad 16 thru_hole circle (at 0 -17.78) (size 1.524 1.524) (drill 0.762) (layers *.Cu *.Mask)
      (net 7 PA1))
    (pad 15 thru_hole circle (at 0 -20.32) (size 1.524 1.524) (drill 0.762) (layers *.Cu *.Mask)
      (net 8 PA0))
    (pad 14 thru_hole circle (at 0 -22.86) (size 1.524 1.524) (drill 0.762) (layers *.Cu *.Mask))
    (pad 13 thru_hole circle (at 0 -25.4) (size 1.524 1.524) (drill 0.762) (layers *.Cu *.Mask))
    (pad 12 thru_hole circle (at 0 -27.94) (size 1.524 1.524) (drill 0.762) (layers *.Cu *.Mask))
    (pad 11 thru_hole circle (at 0 -30.48) (size 1.524 1.524) (drill 0.762) (layers *.Cu *.Mask)
      (net 17 PC2))
    (pad 10 thru_hole circle (at 0 -33.02) (size 1.524 1.524) (drill 0.762) (layers *.Cu *.Mask))
    (pad 9 thru_hole circle (at 0 -35.56) (size 1.524 1.524) (drill 0.762) (layers *.Cu *.Mask))
    (pad 8 thru_hole circle (at 0 -38.1) (size 1.524 1.524) (drill 0.762) (layers *.Cu *.Mask))
    (pad 7 thru_hole circle (at 0 -40.64) (size 1.524 1.524) (drill 0.762) (layers *.Cu *.Mask))
    (pad 6 thru_hole circle (at 0 -43.18) (size 1.524 1.524) (drill 0.762) (layers *.Cu *.Mask))
    (pad 4 thru_hole circle (at 0 -48.26) (size 1.524 1.524) (drill 0.762) (layers *.Cu *.Mask))
    (pad 5 thru_hole circle (at 0 -45.72) (size 1.524 1.524) (drill 0.762) (layers *.Cu *.Mask))
    (pad 3 thru_hole circle (at 0 -50.8) (size 1.524 1.524) (drill 0.762) (layers *.Cu *.Mask))
    (pad 2 thru_hole circle (at 0 -53.34) (size 1.524 1.524) (drill 0.762) (layers *.Cu *.Mask)
      (net 1 GND))
    (pad 1 thru_hole circle (at 0 -55.88) (size 1.524 1.524) (drill 0.762) (layers *.Cu *.Mask)
      (net 6 +3V3))
  )

  (module 362ftpt:HC14 (layer F.Cu) (tedit 5CB69FA1) (tstamp 5CB74C66)
    (at 34.29 73.66)
    (path /5CB8B531)
    (fp_text reference J3 (at 0 0.5) (layer F.SilkS)
      (effects (font (size 1 1) (thickness 0.15)))
    )
    (fp_text value Conn_02x07_Odd_Even (at 0 -0.5) (layer F.Fab)
      (effects (font (size 1 1) (thickness 0.15)))
    )
    (fp_line (start 5.08 -10.16) (end -5.08 -10.16) (layer F.SilkS) (width 0.12))
    (fp_line (start -5.08 -10.16) (end -5.08 7.62) (layer F.SilkS) (width 0.12))
    (fp_line (start -5.08 7.62) (end 5.08 7.62) (layer F.SilkS) (width 0.12))
    (fp_line (start 5.08 7.62) (end 5.08 -10.16) (layer F.SilkS) (width 0.12))
    (fp_arc (start 0 -10.16) (end -1.27 -10.16) (angle -180) (layer F.SilkS) (width 0.12))
    (pad 1 thru_hole circle (at -3.81 -8.89) (size 1.524 1.524) (drill 0.762) (layers *.Cu *.Mask)
      (net 12 "Net-(C2-Pad2)"))
    (pad 2 thru_hole circle (at 3.81 -8.89) (size 1.524 1.524) (drill 0.762) (layers *.Cu *.Mask)
      (net 6 +3V3))
    (pad 3 thru_hole circle (at -3.81 -6.35) (size 1.524 1.524) (drill 0.762) (layers *.Cu *.Mask)
      (net 8 PA0))
    (pad 4 thru_hole circle (at 3.81 -6.35) (size 1.524 1.524) (drill 0.762) (layers *.Cu *.Mask)
      (net 11 "Net-(C4-Pad2)"))
    (pad 5 thru_hole circle (at -3.81 -3.81) (size 1.524 1.524) (drill 0.762) (layers *.Cu *.Mask)
      (net 10 "Net-(C1-Pad2)"))
    (pad 6 thru_hole circle (at 3.81 -3.81) (size 1.524 1.524) (drill 0.762) (layers *.Cu *.Mask))
    (pad 7 thru_hole circle (at -3.81 -1.27) (size 1.524 1.524) (drill 0.762) (layers *.Cu *.Mask)
      (net 7 PA1))
    (pad 8 thru_hole circle (at 3.81 -1.27) (size 1.524 1.524) (drill 0.762) (layers *.Cu *.Mask)
      (net 9 "Net-(C3-Pad2)"))
    (pad 9 thru_hole circle (at -3.81 1.27) (size 1.524 1.524) (drill 0.762) (layers *.Cu *.Mask))
    (pad 10 thru_hole circle (at 3.81 1.27) (size 1.524 1.524) (drill 0.762) (layers *.Cu *.Mask))
    (pad 11 thru_hole circle (at -3.81 3.81) (size 1.524 1.524) (drill 0.762) (layers *.Cu *.Mask))
    (pad 12 thru_hole circle (at 3.81 3.81) (size 1.524 1.524) (drill 0.762) (layers *.Cu *.Mask))
    (pad 13 thru_hole circle (at -3.81 6.35) (size 1.524 1.524) (drill 0.762) (layers *.Cu *.Mask)
      (net 1 GND))
    (pad 14 thru_hole circle (at 3.81 6.35) (size 1.524 1.524) (drill 0.762) (layers *.Cu *.Mask))
  )

  (module 362ftpt:LCD (layer F.Cu) (tedit 5CB6A02C) (tstamp 5CB74C82)
    (at 80.01 60.96 180)
    (path /5CB5E184)
    (fp_text reference J4 (at 0 0.5 180) (layer F.SilkS)
      (effects (font (size 1 1) (thickness 0.15)))
    )
    (fp_text value LCD (at 0 -0.5 180) (layer F.Fab)
      (effects (font (size 1 1) (thickness 0.15)))
    )
    (fp_line (start -1.27 -25.4) (end 1.27 -25.4) (layer F.SilkS) (width 0.12))
    (fp_line (start 1.27 -25.4) (end 1.27 25.4) (layer F.SilkS) (width 0.12))
    (fp_line (start 1.27 25.4) (end -1.27 25.4) (layer F.SilkS) (width 0.12))
    (fp_line (start -1.27 25.4) (end -1.27 -25.4) (layer F.SilkS) (width 0.12))
    (pad 1 thru_hole circle (at 0 -24.13 180) (size 1.524 1.524) (drill 0.762) (layers *.Cu *.Mask))
    (pad 2 thru_hole circle (at 0 -21.59 180) (size 1.524 1.524) (drill 0.762) (layers *.Cu *.Mask))
    (pad 3 thru_hole circle (at 0 -19.05 180) (size 1.524 1.524) (drill 0.762) (layers *.Cu *.Mask))
    (pad 4 thru_hole circle (at 0 -16.51 180) (size 1.524 1.524) (drill 0.762) (layers *.Cu *.Mask))
    (pad 5 thru_hole circle (at 0 -13.97 180) (size 1.524 1.524) (drill 0.762) (layers *.Cu *.Mask))
    (pad 6 thru_hole circle (at 0 -11.43 180) (size 1.524 1.524) (drill 0.762) (layers *.Cu *.Mask))
    (pad 7 thru_hole circle (at 0 -8.89 180) (size 1.524 1.524) (drill 0.762) (layers *.Cu *.Mask))
    (pad 8 thru_hole circle (at 0 -6.35 180) (size 1.524 1.524) (drill 0.762) (layers *.Cu *.Mask))
    (pad 9 thru_hole circle (at 0 -3.81 180) (size 1.524 1.524) (drill 0.762) (layers *.Cu *.Mask))
    (pad 11 thru_hole circle (at 0 1.27 180) (size 1.524 1.524) (drill 0.762) (layers *.Cu *.Mask))
    (pad 10 thru_hole circle (at 0 -1.27 180) (size 1.524 1.524) (drill 0.762) (layers *.Cu *.Mask))
    (pad 12 thru_hole circle (at 0 3.81 180) (size 1.524 1.524) (drill 0.762) (layers *.Cu *.Mask))
    (pad 13 thru_hole circle (at 0 6.35 180) (size 1.524 1.524) (drill 0.762) (layers *.Cu *.Mask)
      (net 17 PC2))
    (pad 14 thru_hole circle (at 0 8.89 180) (size 1.524 1.524) (drill 0.762) (layers *.Cu *.Mask)
      (net 2 PB12))
    (pad 15 thru_hole circle (at 0 11.43 180) (size 1.524 1.524) (drill 0.762) (layers *.Cu *.Mask)
      (net 5 PB15))
    (pad 16 thru_hole circle (at 0 13.97 180) (size 1.524 1.524) (drill 0.762) (layers *.Cu *.Mask)
      (net 4 PB14))
    (pad 17 thru_hole circle (at 0 16.51 180) (size 1.524 1.524) (drill 0.762) (layers *.Cu *.Mask)
      (net 3 PB13))
    (pad 18 thru_hole circle (at 0 19.05 180) (size 1.524 1.524) (drill 0.762) (layers *.Cu *.Mask))
    (pad 19 thru_hole circle (at 0 21.59 180) (size 1.524 1.524) (drill 0.762) (layers *.Cu *.Mask)
      (net 6 +3V3))
    (pad 20 thru_hole circle (at 0 24.13 180) (size 1.524 1.524) (drill 0.762) (layers *.Cu *.Mask)
      (net 1 GND))
  )

  (module Resistor_SMD:R_1206_3216Metric_Pad1.42x1.75mm_HandSolder (layer F.Cu) (tedit 5B301BBD) (tstamp 5CB74C93)
    (at 26.8875 40.64 180)
    (descr "Resistor SMD 1206 (3216 Metric), square (rectangular) end terminal, IPC_7351 nominal with elongated pad for handsoldering. (Body size source: http://www.tortai-tech.com/upload/download/2011102023233369053.pdf), generated with kicad-footprint-generator")
    (tags "resistor handsolder")
    (path /5CB7FC2C)
    (attr smd)
    (fp_text reference R1 (at 0 -1.82 180) (layer F.SilkS)
      (effects (font (size 1 1) (thickness 0.15)))
    )
    (fp_text value R (at 0 1.82 180) (layer F.Fab)
      (effects (font (size 1 1) (thickness 0.15)))
    )
    (fp_text user %R (at 0 0 180) (layer F.Fab)
      (effects (font (size 0.8 0.8) (thickness 0.12)))
    )
    (fp_line (start 2.45 1.12) (end -2.45 1.12) (layer F.CrtYd) (width 0.05))
    (fp_line (start 2.45 -1.12) (end 2.45 1.12) (layer F.CrtYd) (width 0.05))
    (fp_line (start -2.45 -1.12) (end 2.45 -1.12) (layer F.CrtYd) (width 0.05))
    (fp_line (start -2.45 1.12) (end -2.45 -1.12) (layer F.CrtYd) (width 0.05))
    (fp_line (start -0.602064 0.91) (end 0.602064 0.91) (layer F.SilkS) (width 0.12))
    (fp_line (start -0.602064 -0.91) (end 0.602064 -0.91) (layer F.SilkS) (width 0.12))
    (fp_line (start 1.6 0.8) (end -1.6 0.8) (layer F.Fab) (width 0.1))
    (fp_line (start 1.6 -0.8) (end 1.6 0.8) (layer F.Fab) (width 0.1))
    (fp_line (start -1.6 -0.8) (end 1.6 -0.8) (layer F.Fab) (width 0.1))
    (fp_line (start -1.6 0.8) (end -1.6 -0.8) (layer F.Fab) (width 0.1))
    (pad 2 smd roundrect (at 1.4875 0 180) (size 1.425 1.75) (layers F.Cu F.Paste F.Mask) (roundrect_rratio 0.175439)
      (net 13 "Net-(R1-Pad2)"))
    (pad 1 smd roundrect (at -1.4875 0 180) (size 1.425 1.75) (layers F.Cu F.Paste F.Mask) (roundrect_rratio 0.175439)
      (net 6 +3V3))
    (model ${KISYS3DMOD}/Resistor_SMD.3dshapes/R_1206_3216Metric.wrl
      (at (xyz 0 0 0))
      (scale (xyz 1 1 1))
      (rotate (xyz 0 0 0))
    )
  )

  (module Resistor_SMD:R_1206_3216Metric_Pad1.42x1.75mm_HandSolder (layer F.Cu) (tedit 5B301BBD) (tstamp 5CB74CA4)
    (at 20.32 42.1275 90)
    (descr "Resistor SMD 1206 (3216 Metric), square (rectangular) end terminal, IPC_7351 nominal with elongated pad for handsoldering. (Body size source: http://www.tortai-tech.com/upload/download/2011102023233369053.pdf), generated with kicad-footprint-generator")
    (tags "resistor handsolder")
    (path /5CB7FC32)
    (attr smd)
    (fp_text reference R2 (at 0 -1.82 90) (layer F.SilkS)
      (effects (font (size 1 1) (thickness 0.15)))
    )
    (fp_text value R (at 0 1.82 90) (layer F.Fab)
      (effects (font (size 1 1) (thickness 0.15)))
    )
    (fp_line (start -1.6 0.8) (end -1.6 -0.8) (layer F.Fab) (width 0.1))
    (fp_line (start -1.6 -0.8) (end 1.6 -0.8) (layer F.Fab) (width 0.1))
    (fp_line (start 1.6 -0.8) (end 1.6 0.8) (layer F.Fab) (width 0.1))
    (fp_line (start 1.6 0.8) (end -1.6 0.8) (layer F.Fab) (width 0.1))
    (fp_line (start -0.602064 -0.91) (end 0.602064 -0.91) (layer F.SilkS) (width 0.12))
    (fp_line (start -0.602064 0.91) (end 0.602064 0.91) (layer F.SilkS) (width 0.12))
    (fp_line (start -2.45 1.12) (end -2.45 -1.12) (layer F.CrtYd) (width 0.05))
    (fp_line (start -2.45 -1.12) (end 2.45 -1.12) (layer F.CrtYd) (width 0.05))
    (fp_line (start 2.45 -1.12) (end 2.45 1.12) (layer F.CrtYd) (width 0.05))
    (fp_line (start 2.45 1.12) (end -2.45 1.12) (layer F.CrtYd) (width 0.05))
    (fp_text user %R (at 0 0 90) (layer F.Fab)
      (effects (font (size 0.8 0.8) (thickness 0.12)))
    )
    (pad 1 smd roundrect (at -1.4875 0 90) (size 1.425 1.75) (layers F.Cu F.Paste F.Mask) (roundrect_rratio 0.175439)
      (net 10 "Net-(C1-Pad2)"))
    (pad 2 smd roundrect (at 1.4875 0 90) (size 1.425 1.75) (layers F.Cu F.Paste F.Mask) (roundrect_rratio 0.175439)
      (net 13 "Net-(R1-Pad2)"))
    (model ${KISYS3DMOD}/Resistor_SMD.3dshapes/R_1206_3216Metric.wrl
      (at (xyz 0 0 0))
      (scale (xyz 1 1 1))
      (rotate (xyz 0 0 0))
    )
  )

  (module Resistor_SMD:R_1206_3216Metric_Pad1.42x1.75mm_HandSolder (layer F.Cu) (tedit 5B301BBD) (tstamp 5CB74CB5)
    (at 46.99 49.7475 90)
    (descr "Resistor SMD 1206 (3216 Metric), square (rectangular) end terminal, IPC_7351 nominal with elongated pad for handsoldering. (Body size source: http://www.tortai-tech.com/upload/download/2011102023233369053.pdf), generated with kicad-footprint-generator")
    (tags "resistor handsolder")
    (path /5CB6ABDC)
    (attr smd)
    (fp_text reference R3 (at 0 -1.82 90) (layer F.SilkS)
      (effects (font (size 1 1) (thickness 0.15)))
    )
    (fp_text value R (at 0 1.82 90) (layer F.Fab)
      (effects (font (size 1 1) (thickness 0.15)))
    )
    (fp_text user %R (at 0 0 90) (layer F.Fab)
      (effects (font (size 0.8 0.8) (thickness 0.12)))
    )
    (fp_line (start 2.45 1.12) (end -2.45 1.12) (layer F.CrtYd) (width 0.05))
    (fp_line (start 2.45 -1.12) (end 2.45 1.12) (layer F.CrtYd) (width 0.05))
    (fp_line (start -2.45 -1.12) (end 2.45 -1.12) (layer F.CrtYd) (width 0.05))
    (fp_line (start -2.45 1.12) (end -2.45 -1.12) (layer F.CrtYd) (width 0.05))
    (fp_line (start -0.602064 0.91) (end 0.602064 0.91) (layer F.SilkS) (width 0.12))
    (fp_line (start -0.602064 -0.91) (end 0.602064 -0.91) (layer F.SilkS) (width 0.12))
    (fp_line (start 1.6 0.8) (end -1.6 0.8) (layer F.Fab) (width 0.1))
    (fp_line (start 1.6 -0.8) (end 1.6 0.8) (layer F.Fab) (width 0.1))
    (fp_line (start -1.6 -0.8) (end 1.6 -0.8) (layer F.Fab) (width 0.1))
    (fp_line (start -1.6 0.8) (end -1.6 -0.8) (layer F.Fab) (width 0.1))
    (pad 2 smd roundrect (at 1.4875 0 90) (size 1.425 1.75) (layers F.Cu F.Paste F.Mask) (roundrect_rratio 0.175439)
      (net 14 "Net-(R3-Pad2)"))
    (pad 1 smd roundrect (at -1.4875 0 90) (size 1.425 1.75) (layers F.Cu F.Paste F.Mask) (roundrect_rratio 0.175439)
      (net 6 +3V3))
    (model ${KISYS3DMOD}/Resistor_SMD.3dshapes/R_1206_3216Metric.wrl
      (at (xyz 0 0 0))
      (scale (xyz 1 1 1))
      (rotate (xyz 0 0 0))
    )
  )

  (module Resistor_SMD:R_1206_3216Metric_Pad1.42x1.75mm_HandSolder (layer F.Cu) (tedit 5B301BBD) (tstamp 5CB74CC6)
    (at 41.6925 34.29)
    (descr "Resistor SMD 1206 (3216 Metric), square (rectangular) end terminal, IPC_7351 nominal with elongated pad for handsoldering. (Body size source: http://www.tortai-tech.com/upload/download/2011102023233369053.pdf), generated with kicad-footprint-generator")
    (tags "resistor handsolder")
    (path /5CB6ADC4)
    (attr smd)
    (fp_text reference R4 (at 0 -1.82) (layer F.SilkS)
      (effects (font (size 1 1) (thickness 0.15)))
    )
    (fp_text value R (at 0 1.82) (layer F.Fab)
      (effects (font (size 1 1) (thickness 0.15)))
    )
    (fp_line (start -1.6 0.8) (end -1.6 -0.8) (layer F.Fab) (width 0.1))
    (fp_line (start -1.6 -0.8) (end 1.6 -0.8) (layer F.Fab) (width 0.1))
    (fp_line (start 1.6 -0.8) (end 1.6 0.8) (layer F.Fab) (width 0.1))
    (fp_line (start 1.6 0.8) (end -1.6 0.8) (layer F.Fab) (width 0.1))
    (fp_line (start -0.602064 -0.91) (end 0.602064 -0.91) (layer F.SilkS) (width 0.12))
    (fp_line (start -0.602064 0.91) (end 0.602064 0.91) (layer F.SilkS) (width 0.12))
    (fp_line (start -2.45 1.12) (end -2.45 -1.12) (layer F.CrtYd) (width 0.05))
    (fp_line (start -2.45 -1.12) (end 2.45 -1.12) (layer F.CrtYd) (width 0.05))
    (fp_line (start 2.45 -1.12) (end 2.45 1.12) (layer F.CrtYd) (width 0.05))
    (fp_line (start 2.45 1.12) (end -2.45 1.12) (layer F.CrtYd) (width 0.05))
    (fp_text user %R (at 0 0) (layer F.Fab)
      (effects (font (size 0.8 0.8) (thickness 0.12)))
    )
    (pad 1 smd roundrect (at -1.4875 0) (size 1.425 1.75) (layers F.Cu F.Paste F.Mask) (roundrect_rratio 0.175439)
      (net 12 "Net-(C2-Pad2)"))
    (pad 2 smd roundrect (at 1.4875 0) (size 1.425 1.75) (layers F.Cu F.Paste F.Mask) (roundrect_rratio 0.175439)
      (net 14 "Net-(R3-Pad2)"))
    (model ${KISYS3DMOD}/Resistor_SMD.3dshapes/R_1206_3216Metric.wrl
      (at (xyz 0 0 0))
      (scale (xyz 1 1 1))
      (rotate (xyz 0 0 0))
    )
  )

  (module Resistor_SMD:R_1206_3216Metric_Pad1.42x1.75mm_HandSolder (layer F.Cu) (tedit 5B301BBD) (tstamp 5CB74CD7)
    (at 26.4525 96.52)
    (descr "Resistor SMD 1206 (3216 Metric), square (rectangular) end terminal, IPC_7351 nominal with elongated pad for handsoldering. (Body size source: http://www.tortai-tech.com/upload/download/2011102023233369053.pdf), generated with kicad-footprint-generator")
    (tags "resistor handsolder")
    (path /5CB84E4C)
    (attr smd)
    (fp_text reference R5 (at 0 -1.82) (layer F.SilkS)
      (effects (font (size 1 1) (thickness 0.15)))
    )
    (fp_text value R (at 0 1.82) (layer F.Fab)
      (effects (font (size 1 1) (thickness 0.15)))
    )
    (fp_text user %R (at 0 0) (layer F.Fab)
      (effects (font (size 0.8 0.8) (thickness 0.12)))
    )
    (fp_line (start 2.45 1.12) (end -2.45 1.12) (layer F.CrtYd) (width 0.05))
    (fp_line (start 2.45 -1.12) (end 2.45 1.12) (layer F.CrtYd) (width 0.05))
    (fp_line (start -2.45 -1.12) (end 2.45 -1.12) (layer F.CrtYd) (width 0.05))
    (fp_line (start -2.45 1.12) (end -2.45 -1.12) (layer F.CrtYd) (width 0.05))
    (fp_line (start -0.602064 0.91) (end 0.602064 0.91) (layer F.SilkS) (width 0.12))
    (fp_line (start -0.602064 -0.91) (end 0.602064 -0.91) (layer F.SilkS) (width 0.12))
    (fp_line (start 1.6 0.8) (end -1.6 0.8) (layer F.Fab) (width 0.1))
    (fp_line (start 1.6 -0.8) (end 1.6 0.8) (layer F.Fab) (width 0.1))
    (fp_line (start -1.6 -0.8) (end 1.6 -0.8) (layer F.Fab) (width 0.1))
    (fp_line (start -1.6 0.8) (end -1.6 -0.8) (layer F.Fab) (width 0.1))
    (pad 2 smd roundrect (at 1.4875 0) (size 1.425 1.75) (layers F.Cu F.Paste F.Mask) (roundrect_rratio 0.175439)
      (net 15 "Net-(R5-Pad2)"))
    (pad 1 smd roundrect (at -1.4875 0) (size 1.425 1.75) (layers F.Cu F.Paste F.Mask) (roundrect_rratio 0.175439)
      (net 9 "Net-(C3-Pad2)"))
    (model ${KISYS3DMOD}/Resistor_SMD.3dshapes/R_1206_3216Metric.wrl
      (at (xyz 0 0 0))
      (scale (xyz 1 1 1))
      (rotate (xyz 0 0 0))
    )
  )

  (module Resistor_SMD:R_1206_3216Metric_Pad1.42x1.75mm_HandSolder (layer F.Cu) (tedit 5B301BBD) (tstamp 5CB74CE8)
    (at 44.45 101.6)
    (descr "Resistor SMD 1206 (3216 Metric), square (rectangular) end terminal, IPC_7351 nominal with elongated pad for handsoldering. (Body size source: http://www.tortai-tech.com/upload/download/2011102023233369053.pdf), generated with kicad-footprint-generator")
    (tags "resistor handsolder")
    (path /5CB82FBC)
    (attr smd)
    (fp_text reference R6 (at 0 -1.82) (layer F.SilkS)
      (effects (font (size 1 1) (thickness 0.15)))
    )
    (fp_text value R (at 0 1.82) (layer F.Fab)
      (effects (font (size 1 1) (thickness 0.15)))
    )
    (fp_text user %R (at 0 0) (layer F.Fab)
      (effects (font (size 0.8 0.8) (thickness 0.12)))
    )
    (fp_line (start 2.45 1.12) (end -2.45 1.12) (layer F.CrtYd) (width 0.05))
    (fp_line (start 2.45 -1.12) (end 2.45 1.12) (layer F.CrtYd) (width 0.05))
    (fp_line (start -2.45 -1.12) (end 2.45 -1.12) (layer F.CrtYd) (width 0.05))
    (fp_line (start -2.45 1.12) (end -2.45 -1.12) (layer F.CrtYd) (width 0.05))
    (fp_line (start -0.602064 0.91) (end 0.602064 0.91) (layer F.SilkS) (width 0.12))
    (fp_line (start -0.602064 -0.91) (end 0.602064 -0.91) (layer F.SilkS) (width 0.12))
    (fp_line (start 1.6 0.8) (end -1.6 0.8) (layer F.Fab) (width 0.1))
    (fp_line (start 1.6 -0.8) (end 1.6 0.8) (layer F.Fab) (width 0.1))
    (fp_line (start -1.6 -0.8) (end 1.6 -0.8) (layer F.Fab) (width 0.1))
    (fp_line (start -1.6 0.8) (end -1.6 -0.8) (layer F.Fab) (width 0.1))
    (pad 2 smd roundrect (at 1.4875 0) (size 1.425 1.75) (layers F.Cu F.Paste F.Mask) (roundrect_rratio 0.175439)
      (net 16 "Net-(R6-Pad2)"))
    (pad 1 smd roundrect (at -1.4875 0) (size 1.425 1.75) (layers F.Cu F.Paste F.Mask) (roundrect_rratio 0.175439)
      (net 11 "Net-(C4-Pad2)"))
    (model ${KISYS3DMOD}/Resistor_SMD.3dshapes/R_1206_3216Metric.wrl
      (at (xyz 0 0 0))
      (scale (xyz 1 1 1))
      (rotate (xyz 0 0 0))
    )
  )

  (module Resistor_SMD:R_1206_3216Metric_Pad1.42x1.75mm_HandSolder (layer F.Cu) (tedit 5B301BBD) (tstamp 5CB74CF9)
    (at 33.02 95.25 270)
    (descr "Resistor SMD 1206 (3216 Metric), square (rectangular) end terminal, IPC_7351 nominal with elongated pad for handsoldering. (Body size source: http://www.tortai-tech.com/upload/download/2011102023233369053.pdf), generated with kicad-footprint-generator")
    (tags "resistor handsolder")
    (path /5CB84E46)
    (attr smd)
    (fp_text reference R7 (at 0 -1.82 270) (layer F.SilkS)
      (effects (font (size 1 1) (thickness 0.15)))
    )
    (fp_text value R (at 0 1.82 270) (layer F.Fab)
      (effects (font (size 1 1) (thickness 0.15)))
    )
    (fp_line (start -1.6 0.8) (end -1.6 -0.8) (layer F.Fab) (width 0.1))
    (fp_line (start -1.6 -0.8) (end 1.6 -0.8) (layer F.Fab) (width 0.1))
    (fp_line (start 1.6 -0.8) (end 1.6 0.8) (layer F.Fab) (width 0.1))
    (fp_line (start 1.6 0.8) (end -1.6 0.8) (layer F.Fab) (width 0.1))
    (fp_line (start -0.602064 -0.91) (end 0.602064 -0.91) (layer F.SilkS) (width 0.12))
    (fp_line (start -0.602064 0.91) (end 0.602064 0.91) (layer F.SilkS) (width 0.12))
    (fp_line (start -2.45 1.12) (end -2.45 -1.12) (layer F.CrtYd) (width 0.05))
    (fp_line (start -2.45 -1.12) (end 2.45 -1.12) (layer F.CrtYd) (width 0.05))
    (fp_line (start 2.45 -1.12) (end 2.45 1.12) (layer F.CrtYd) (width 0.05))
    (fp_line (start 2.45 1.12) (end -2.45 1.12) (layer F.CrtYd) (width 0.05))
    (fp_text user %R (at 0 0 270) (layer F.Fab)
      (effects (font (size 0.8 0.8) (thickness 0.12)))
    )
    (pad 1 smd roundrect (at -1.4875 0 270) (size 1.425 1.75) (layers F.Cu F.Paste F.Mask) (roundrect_rratio 0.175439)
      (net 6 +3V3))
    (pad 2 smd roundrect (at 1.4875 0 270) (size 1.425 1.75) (layers F.Cu F.Paste F.Mask) (roundrect_rratio 0.175439)
      (net 15 "Net-(R5-Pad2)"))
    (model ${KISYS3DMOD}/Resistor_SMD.3dshapes/R_1206_3216Metric.wrl
      (at (xyz 0 0 0))
      (scale (xyz 1 1 1))
      (rotate (xyz 0 0 0))
    )
  )

  (module Resistor_SMD:R_1206_3216Metric_Pad1.42x1.75mm_HandSolder (layer F.Cu) (tedit 5B301BBD) (tstamp 5CB74D0A)
    (at 45.72 90.3875 90)
    (descr "Resistor SMD 1206 (3216 Metric), square (rectangular) end terminal, IPC_7351 nominal with elongated pad for handsoldering. (Body size source: http://www.tortai-tech.com/upload/download/2011102023233369053.pdf), generated with kicad-footprint-generator")
    (tags "resistor handsolder")
    (path /5CB82FB6)
    (attr smd)
    (fp_text reference R8 (at 0 -1.82 90) (layer F.SilkS)
      (effects (font (size 1 1) (thickness 0.15)))
    )
    (fp_text value R (at 0 1.82 90) (layer F.Fab)
      (effects (font (size 1 1) (thickness 0.15)))
    )
    (fp_line (start -1.6 0.8) (end -1.6 -0.8) (layer F.Fab) (width 0.1))
    (fp_line (start -1.6 -0.8) (end 1.6 -0.8) (layer F.Fab) (width 0.1))
    (fp_line (start 1.6 -0.8) (end 1.6 0.8) (layer F.Fab) (width 0.1))
